barcode,count,fraction_all_valid_and_invalid_counts
GTACAAACCTGCAAAT,176440,0.0936
CAATTAGAAATACATA,110507,0.0586
AACCACCGAGTGACCG,71373,0.0379
AAAAAATTTATGACAA,62569,0.0332
TACCCTGCAAGCCACT,56814,0.0301
AACGACAAACAGTAAG,56331,0.0299
CTTGGATTTGTTTGGC,33855,0.018
TTATCTGTAGAGCGCT,32348,0.0172
TGACGATGCTCCCATT,24552,0.013
CATACAGAGTTTGTTG,24151,0.0128
TGGTACAAAAATAGAG,18654,0.0099
TCTTAGAGTAGTATAG,18594,0.00986
ATTTTGGTACCTACAA,17475,0.00927
GCGCGGATAGATGAAC,16537,0.00877
CTTTAAATTATAGTCT,15597,0.00827
AGCCCATACCCGGGTG,15490,0.00822
CGGTCTAGTCTGGTGT,14740,0.00782
GTAGATACTAGGACCA,14337,0.00761
ACCACAATAAGTCTCG,13939,0.00739
AGTTACCTGCAAATAC,13819,0.00733
CCAAAGCACTGTACTA,13815,0.00733
ACCTCAGTGAGAGCTA,12481,0.00662
TATTGGTGGGGTAAAC,11900,0.00631
TAGGGAAACGAAAAGC,11100,0.00589
GCTGCTAATGCGCACG,10403,0.00552
AACTCCAATTTGTTTT,10317,0.00547
ATACATATTTTGCCTT,10292,0.00546
GTATGAATCGCCACCA,10282,0.00545
CAGAAGCAAAAGATAG,10022,0.00532
CCACTTCACTGAAATC,9949,0.00528
TAGAGCTGTTGACAAA,9688,0.00514
GTCGTACGATTTAGGA,9612,0.0051
GCTGATAAACAATCTA,9529,0.00505
GTCGCCGCTAATCCGA,9467,0.00502
TGATTTTGCCGAGAGA,9228,0.0049
TCTTTCCGAGACGATT,9074,0.00481
TAAGCTTACATTTCCT,9055,0.0048
AGCATGTTTCTTATGC,9028,0.00479
GCTAACGGGCATCTAC,8976,0.00476
ATAGGCACTCGGTGCG,8797,0.00467
TATGCCTAACCGAAGA,8796,0.00467
TCGAGGAAGGTTCCGA,8719,0.00463
TCGACCGAGTCGGGCA,8709,0.00462
GCAATTCATGGACTTG,8685,0.00461
TCATCTGATCGGTCCG,8585,0.00455
ATGTACACCCGCTCTA,8384,0.00445
AACGAGTGAGAATGCT,8263,0.00438
TCTGGACCGCGCTCTT,8252,0.00438
TTAATGTTGGGTATCC,8201,0.00435
AGTTTCGAATCAAACT,8182,0.00434
TAAACCTCTACTGATA,8172,0.00434
TCGCTGGCTGCTGGGT,8154,0.00433
TAGCCTATAATCAAGT,8088,0.00429
TGCCCAATCAGGAGGT,7834,0.00416
GTGTCGTGTTAAAGGC,7750,0.00411
CAACGGAACGATATTG,7727,0.0041
GCGGACAGCGGTTATC,7633,0.00405
AAATAAGCTGTCGCGA,7580,0.00402
TATCAAGTGTCCCGGG,7544,0.004
CCGGGGGTGAAGTTCC,7526,0.00399
GAGACGACCAAGTCCA,7514,0.00399
GTTCAAGACTGACTCA,7138,0.00379
TGCACTTGACCGGGAA,7110,0.00377
CGATGATGTAAACATG,7089,0.00376
TGAGCCAATTAAGTAG,6871,0.00364
AGAAAAGATAGGAAAG,6732,0.00357
AGACGGGGATTTTCAA,6705,0.00356
AAACGGCGCAGGCACA,6561,0.00348
CATTGTAATGAAGCCT,6556,0.00348
GCAGGTAGACTATCGG,6362,0.00337
GATCGGAATAACCGTA,6361,0.00337
TGATTCCTTTGCGCAA,6235,0.00331
GAGCCTGGCTGTAACC,5983,0.00317
ATGCAGTGCTTCAACT,5968,0.00317
GCGGTGCTCAGCGGGT,5828,0.00309
TTAGGTAGGGTAAGAT,5815,0.00308
TCCTATTTTGCAAGTG,5813,0.00308
TGTAAGCTAATTTAAG,5706,0.00303
AGGCCGCCGGTCATGA,5652,0.003
CTCTAGTTCGGGGCCA,5614,0.00298
GCATGTAGGTATGATG,5593,0.00297
CCGGATATGGCTGGTC,5575,0.00296
GTCATGTGGAGGCATC,5562,0.00295
CTAAAATCTTGACCAA,5540,0.00294
TACTCCTGCGGCAACG,5503,0.00292
CTCTCGCCTACTCATA,5470,0.0029
GCAGTGCGCACCCCGA,5435,0.00288
TACCCTTAGTGGAGAT,5434,0.00288
CCTACGCTCGTATCCC,5265,0.00279
GTGCACACACTTATCG,5185,0.00275
AGCCACATTCGGTGAT,5157,0.00274
CGACAGAGTTCGTGGA,5106,0.00271
CGTACTTGTTCTCTCA,4980,0.00264
TAGTCAAGACTACATT,4969,0.00264
AGAAGATCGGATGTTT,4958,0.00263
GTCAGAACCACTTGCG,4934,0.00262
TTGTCGACGATGTAGA,4885,0.00259
CGGCGTTGCCAAAGAA,4848,0.00257
ACTCTCATGAGCGGCC,4793,0.00254
GATCGGGTGGTATGCT,4775,0.00253
GTCCTACGAGCTACTT,4764,0.00253
GACCAGGCCGTCAGTA,4735,0.00251
GCCTCAGCAGGACCCC,4704,0.0025
TAGCCAGCGGCCGTTA,4667,0.00248
GAATAATAGAACAGAG,4650,0.00247
CTTACAGAATACTAGA,4619,0.00245
GAGGTCGCGCTTGATA,4588,0.00243
CCTTGGGTATACTCAT,4550,0.00241
ATACAAACGGGGAGGA,4519,0.0024
CGAGCATTAAGAGGTA,4487,0.00238
GCGCCGTAGAAACGTC,4452,0.00236
GCGCTTGCTCTTAAGT,4433,0.00235
AAGACTCTGTGAGTAA,4414,0.00234
TGGAGAAGTCACGCAA,4396,0.00233
GCGGGGAGCTGCACAA,4376,0.00232
CATTTCTGATGAATTG,4339,0.0023
CGCATAACACCATCAA,4315,0.00229
GAAGTAGTAGATCATA,4289,0.00228
AAGGACAAGCAGCAGG,4214,0.00224
TGCCGATCTCAGGGGG,4212,0.00223
TCGCACGCGTTCATCA,4162,0.00221
GCCAATAAGCTCACAC,4154,0.0022
CGGATATTGAGGAAGA,4114,0.00218
CTACTCTTAGGCCGGG,4102,0.00218
GCGCCACGTCCAACAC,4064,0.00216
ATTACACTGGAAGGTT,4029,0.00214
AGCCGATTCATGACAT,3994,0.00212
ATTCGTGAACACGAGA,3981,0.00211
CCTCGGATAACGGGAC,3936,0.00209
AATTGGGACTCTGCGA,3927,0.00208
TGAGCTCTGCACAGTG,3912,0.00208
TCTCTCCGTCCCACGT,3892,0.00206
ATAGGTAGGTTAATGC,3822,0.00203
ATATTAACGATGTGAA,3777,0.002
GATAACAACTTCACCT,3776,0.002
GAAGTGCTGCTGAAGT,3744,0.00199
TTGTGCGTCATAGCGA,3743,0.00199
GAACTGCTAACCTTCA,3661,0.00194
TCCCAAGACAAGCGAC,3625,0.00192
GCATGAGGGTATACCC,3583,0.0019
GTAGAACTGCGGCCCC,3579,0.0019
GTTCTGTACACAGCAT,3544,0.00188
GTTTAATTGATCCGCG,3497,0.00186
CCAACGCTTCATGTTT,3465,0.00184
CCAGTAAATGCAAACC,3462,0.00184
CACCGGACTAGAAAAT,3368,0.00179
ACCCGTCGGGTTGCAT,3314,0.00176
TGATCTTAGGTTAGCT,3303,0.00175
CGGGTCCTAGGCGAGG,3295,0.00175
CGCGACAGTTTCCATT,3280,0.00174
TAGCATATCGGTTGAT,3252,0.00173
GCTGCGACGGCTCACG,3164,0.00168
ACGTGAGCACAGAGGC,3085,0.00164
ATGATATGCTTACGCA,3082,0.00163
TGAACCCGCCGACTGA,3015,0.0016
CCCTGAGGTATCATTG,3007,0.0016
GAGGTACCACGTCATT,3002,0.00159
CCCGCTCTTTGTCCAC,2964,0.00157
TTGGAGAATCCGTCTA,2939,0.00156
TCCACACCCCTAGCTA,2867,0.00152
GAATCATTTAAGGTTG,2836,0.0015
TCTATATAGATCCTTA,2825,0.0015
TGCGGTGGTCGATCCG,2787,0.00148
AATGTAATATCCCAGT,2781,0.00148
ATGCAGGTCTAAGCAT,2745,0.00146
GTCCTAGTGCATAGGA,2741,0.00145
TTTTCTGACGATGCAG,2672,0.00142
CGGAAACCTAGCGTTC,2650,0.00141
CGGGTTCGGTTTTGAC,2635,0.0014
TCGGCGTGAGCATGGC,2586,0.00137
GTCGCTCCAGGCGGTT,2575,0.00137
CATGTTAAATTTGACA,2520,0.00134
GTGCCAGATACCACAC,2516,0.00133
GAGCAACAACTGGACG,2482,0.00132
ACTTTTTGTAACTCCA,2466,0.00131
AGGCGAAAGGGAGGGA,2457,0.0013
ACCAGGTGGCAGTACA,2401,0.00127
ACGTCTTCATTTTCCC,2389,0.00127
GATTAAACGGTGACGC,2373,0.00126
AATCATACATGCTTCT,2369,0.00126
GTCGACTTATGCGCCG,2369,0.00126
CCTACAATGCGCTTTG,2316,0.00123
GATCGGAGGATGGCTC,2285,0.00121
CATGTGGAGGGTCGAG,2239,0.00119
CGTACGTATGTCCCAG,2221,0.00118
CGGTAATCTCAGGACC,2220,0.00118
TTGTTCGCTTTCAGCC,2186,0.00116
AAAGGAAGCCCCTCAC,2170,0.00115
AACTCTAAGTAGTGTC,2160,0.00115
GCCGGCGTAAATACCC,2148,0.00114
ACCTCTTCCAGTCGGT,2116,0.00112
GCGAAGTTTCATAGCG,2044,0.00108
GAATCTCCCTATTCAT,2018,0.00107
TCACTCTCCACCGCCC,2008,0.00107
CAGGCGTTCTACCCAC,2002,0.00106
CTTAGGTATTATATGC,1967,0.00104
CGGGAGCTCCGATATA,1958,0.00104
CCCAAACTGAGGTCCA,1947,0.00103
TGTCCGGATAAAGTAG,1933,0.00103
TAGTCAGGCATGGTCA,1918,0.00102
CCTGTAGGCATCACGG,1874,0.000994
TGGCATATGATATTCA,1836,0.000974
AAGCCCAGCGGGTGAT,1828,0.00097
ACAACCAAGTCTAAGC,1827,0.000969
GCCTTCCTTGCAACTA,1827,0.000969
TTCTGAAAGACACCAC,1815,0.000963
CACGGCCGGCGAACTC,1759,0.000933
CCTCTGTGTACTAATT,1726,0.000916
CCTAATAATCCCAACA,1720,0.000912
CAGCGACGTAGGACAC,1656,0.000878
ATGAACCCGGACCACC,1655,0.000878
CAAGTGGGCTCTACAT,1638,0.000869
TACCTAAGGTTAGTGC,1577,0.000837
CCAGCTTAGACTTCGC,1559,0.000827
CCCGATACGTACAAAA,1551,0.000823
GTCACAGTCATCGTGT,1524,0.000808
TAACCGGTCAGATGTT,1501,0.000796
ACTTCACAGGTTGATA,1480,0.000785
GCCTATCCGAGTGTCC,1471,0.00078
ACGGCATCCCAATTGA,1436,0.000762
TACGGCATGGCCTCCT,1415,0.000751
AGGAAAGAAACTGGAG,1411,0.000748
ATTTCCCCAAAACACT,1400,0.000743
CTGAACTTGTCGATAT,1370,0.000727
AAGAAGCTATAGAAGT,1327,0.000704
TCACTAGCAGAAGTGC,1315,0.000698
GACGTACATTAAAAAT,1304,0.000692
TGCTGCAGCCATCAGT,1288,0.000683
CCCTGGTATACTCGGC,1275,0.000676
AGCCAGTCAAAGTCTC,1249,0.000663
CGCGACACCCTTCCGG,1231,0.000653
TCCTATGCACGCACAA,1213,0.000643
TCGGAGAGCGATCCGC,1206,0.00064
TGATTACCAGTCTTCT,1172,0.000622
GAGCGACACTCGATCT,1154,0.000612
AGCGTCGGCACCATAT,1149,0.00061
CGTCGCCTCATCACGT,1125,0.000597
TTCCCAGTACTTCTAG,1102,0.000585
CAGGCTGCTGGGCCGC,1071,0.000568
GTGTTGTTAATAATCG,1060,0.000562
TTTACTCGATCCTCGC,1058,0.000561
AGGGCGGGATATTGGG,1045,0.000554
TTCAACCACACAGTTT,1030,0.000546
TGCGGTGACTTACAAG,1016,0.000539
ATGCGGCCTAAGCCTC,1009,0.000535
CTGTTTTAACACACCA,1001,0.000531
TATCCGGGTCTGATGC,959,0.000509
CATAAAAGACTGTATA,951,0.000504
CACGGGCTAATGTCTC,932,0.000494
ATCGCAAGTACCAGTT,862,0.000457
CTGAGTTCGTGAGCTG,854,0.000453
ATTGCAACGCCGGTGT,844,0.000448
TTTGGAGCTATAAGGC,836,0.000443
CATGATTAGCCGTTAT,795,0.000422
AAAAGGGCTTTGCGCG,788,0.000418
GAATTCAATCTTTAAA,780,0.000414
GATAACTCTGAGCACG,756,0.000401
GCTTTCGTGACATTGT,742,0.000394
TGACGTCCAGAACAGA,675,0.000358
AAAGCTCTTTTCGTTC,623,0.00033
GCTCAGCCTGCGTTTA,604,0.00032
ACGTCCATTAAGATCA,572,0.000303
AAAGGCGCGCCTTCAA,561,0.000298
TAAGGTACATCCATTC,547,0.00029
GTCATCCAAGATAGGT,528,0.00028
GTACCGACCATGGCTG,489,0.000259
CGGGATTGGTGAAGTG,461,0.000245
AGTGTAGGAGCAGCCC,414,0.00022
CGATCTTTACGAAAAA,411,0.000218
AGACCATCGCACCCAA,394,0.000209
CCATCTGTGGCCTCGA,392,0.000208
GCCGGCGTTAGTGTCA,376,0.000199
CTATCATGGGCGCCCA,372,0.000197
ACGGGGAATGCGAGAG,370,0.000196
AGAGATGGTCCGTGCC,335,0.000178
GCGACCGCATACTATT,329,0.000175
ACAAGCTTTGTGTTAT,305,0.000162
TCGGGAATAGTAGAAG,263,0.00014
CGGCGGATAAGCCCTT,233,0.000124
GTCACCCCTGCACGAT,212,0.000112
TTGGTCTTAATAGACA,201,0.000107
AAGGAGAGCACGGAGG,189,0.0001
GAGTACTCTGCGTTTT,188,9.97e-05
AGACCTTGTTGGTACA,153,8.12e-05
CAGGTGAAGGAACACC,150,7.96e-05
ACTCGCATGTCTGTAG,124,6.58e-05
ACGCCGCCGCCTACAT,122,6.47e-05
CTCCGTAGCATCACAG,104,5.52e-05
AGTTTTTATAACTTGC,99,5.25e-05
GTGGGCTCGTCGATAC,92,4.88e-05
CAGGAGACTTCGCTCC,62,3.29e-05
CCGACACAACTACTGG,58,3.08e-05
CAGTAGTTGTCATGGG,51,2.71e-05
ACGTTTGCAAGATGCG,41,2.17e-05
AAGTTAAGAGAAAGTT,38,2.02e-05
ATAGAATCGCAAATTA,18,9.55e-06
TGGAATCGTCACCGAT,17,9.02e-06
TTATCCGCAACTCAGC,15,7.96e-06
TGCACGTAACCCGCGC,11,5.84e-06
TCGGGTCCACAACCTA,8,4.24e-06
AGTAAACATGCATTGG,7,3.71e-06
AATCCGAAATTTATTC,0,0
AGAACGTGCCTTTGCG,0,0
AGAGCTAAAAAGAGGA,0,0
AGTCCTATCCTCAAAT,0,0
CCGCAGGTTTACAGCA,0,0
GAAGAAACTATAACCA,0,0
GACCGAAGCCTTATGG,0,0
TATATTAGTAACATAA,0,0
TCCGCACTGCGATCAC,0,0
